1.752434368303691370e-01
1.686143310216407232e-01
2.552327852681858245e-01
6.346816506517016787e-02
2.815179778783353792e-01
7.665073380449873020e-02
2.640988711761120267e-01
-1.760241168563639880e-01
4.402231350517908370e-01
7.425708108326348200e-02
-3.979447405681883071e-02
4.943368215916454922e-02
1.551406903151025252e-01
4.618416069512961686e-01
2.789609132758973375e-01
3.941672283370412089e-02
2.578165283963697041e-01
2.178763067910827467e-01
7.212846152833830571e-01
-6.146938062722526880e-02
1.092186336773146027e-01
3.292320781777879901e-01
-1.000639405265885407e-01
4.309947863519633660e-02
3.323957746586703177e-01
1.224594376198432505e-01
1.084574799261973643e-01
3.168959807736790313e-01
2.564623997023963986e-02
6.161704604638507110e-01
3.139415356284949721e-02
5.054875256607247458e-01
3.147317230614983807e-01
3.473142626125791943e-01
3.442866643373556079e-01
-2.018157191590622679e-01
1.982749338608076339e-01
3.066844653624589689e-02
4.753531853665675655e-01
2.411549904085986407e-01
5.810812080133057750e-02
5.807519360941384434e-01
-2.161848629155965762e-02
1.574873272424832937e-01
-9.254067184110951680e-03
6.270211625010488898e-01
2.647186917195583078e-01
1.979633815004069597e-01
7.431521569957983964e-01
9.567007257449054725e-02
7.732678702255882386e-02
3.617881678827478686e-01
1.425718248644080310e-01
2.437455360216964906e-01
1.040567829116874482e-01
3.604068636755180521e-01
3.178479274578558944e-01
1.768599963269702202e-01
-7.562470675994087399e-02
3.841843648056958993e-01
4.653310944837003582e-01
-1.766991613470107400e-02
2.441980389313904709e-01
-2.935914305435055605e-02
1.625062928523121342e-01
3.378171556128218844e-01
-8.950502967565522605e-02
3.003060043064657569e-01
9.547983687042066459e-02
2.744461718786851412e-01
7.742207759766798203e-01
2.781747552972580473e-01
-4.919601353399657290e-02
4.557713188010783512e-01
4.685497993921586800e-03
2.405912877298660990e-01
9.675961376131236857e-02
1.082239544571799994e-01
2.610935306978812154e-02
2.516590991704155400e-02
1.372218899989081364e-01
1.733405162707098435e-01
-6.402660774507277011e-03
5.672497403520717629e-01
-4.901570260851145777e-02
5.742639912384272377e-02
2.837486470417879825e-01
2.108910875339005397e-01
4.461670269959028268e-01
2.728245146807671828e-01
3.653597648624550276e-01
1.197285253430393492e-01
2.634080493506658627e-01
6.258164859371159738e-02
3.060062038315171096e-01
4.733652644092997130e-01
2.485841125788444683e-01
4.124278625924435171e-01
3.736687009713415830e-01
-6.731025797703830971e-02
1.666527168774965817e-01
4.444898467141020215e-01
4.080797572255701056e-02
3.065062528006423648e-02
1.070823602963368038e-01
-9.971092610328677330e-02
6.600446921975100523e-02
7.540341160186714298e-01
-9.224493214075814296e-02
4.322153155627177917e-02
2.093645540107305636e-01
-6.348509799545406021e-03
-4.799921195231239557e-03
1.602070993916543395e-01
-1.425149821236596642e-02
2.416532159958233172e-02
9.846426900946911309e-02
2.306230984472313131e-02
3.480244829651471528e-01
-6.455700272927411554e-03
2.455811911574176665e-01
4.004246309339877796e-01
4.589724779004453747e-01
9.516209921834523078e-02
-2.847266156466361497e-01
2.067911209793289393e-02
2.660082400560847549e-01
3.918617565472642256e-02
7.874224020320670647e-02
2.425079016687937128e-01
4.467728959640993036e-02
1.521810424488943547e-01
2.073951503159292831e-01
2.420074991320841917e-01
3.956914182828422666e-01
4.499202910799687816e-01
2.718428994820512590e-01
-7.173997555197915953e-03
5.539110790423668051e-01
2.381571716142252826e-01
-1.040878216356076885e-01
2.784783840658719423e-01
2.959417349358630656e-01
2.826217271149388255e-01
-8.147458069501817279e-03
4.661349293765134072e-01
9.642562514358499204e-02
2.344409560031972539e-01
-5.125514211759807370e-02
1.907409963614894177e-01
