0.558151509230489
0.346890349073733
0.421334849846297
0.410667433587167
0.349803089249673
0.361171995532707
0.417699161243353
0.339614362770941
0.388762399718268
0.440386737471268
0.376574350301278
0.572900828143575
0.413373915262421
0.404458719444671
0.39206029799656
0.385843769788306
0.384630411600077
0.401014660610671
0.429309315117593
0.423292190464596
0.403618748492057
0.397330542918194
0.412798743611188
0.280823939883987
0.35417014799662
0.308452143254123
0.289716598119946
0.308191477746514
0.333356232107784
0.272426258287623
0.289489920266417
0.321524370557659
0.263255075371655
0.346881479996571
0.302182429556628
0.240354248293383
0.244802344614564
0.256481390901795
0.246333627087064
0.252066873417148
0.296444998617841
0.264350894017919
0.257569680325291
0.272270520081102
0.052291633639367
0.0602343048708128
0.0137807435103721
0.0206768242142738
0.0386817072436427
0.0339250797539668
0.0185353335761445
0.0746895953583391
0.0440987459373506
0.0185768788134732
0.0564910876937882
0.0416670941349689
0.0543012226569909
0.00400631001217942
0.0115928102794577
0.0342392467906044
0.0227003889989362
0.00923178055791034
0.066757919050528
0.0356624115573245
0.00875680156577965
0.0458416834747602
0.0149627569157785
0.0158299919877411
0.040530890392613
0.0266841545311314
0.00514676115157922
0.0162649392868024
0.032458248889203
0.0288932838301972
0.00386103669050152
0.0318427799781575
0.0063535950578692
0.0748656487249818
0.0799960643543632
0.0294926743581898
0.0357494393319192
0.0554943114817835
0.0478702133410884
0.0340305236954044
0.0906289135882723
0.0674605346426302
0.0325990302324714
0.0762126710457513
0.0213607764199029
0.0108139642551186
0.0426613488083292
0.0333585652281089
0.00983793594441052
0.0207903482147588
0.0365248524810658
0.0214529244822481
0.0100728270014426
0.0348250303358511
0.000355627969374902
0.14799917400197
0.124457932426083
0.0854919910944859
0.0957989031289034
0.102926689814719
0.101500810580061
0.0886635502496308
0.147304235718997
0.115031824165177
0.0833536839409526
0.123561893552412
0.0841483895206239
0.0846392194398677
0.0374945800699377
0.042073291583414
0.0636307330980814
0.0555541206622342
0.0433701791915911
0.104061521747171
0.0687480203764658
0.0442651772124466
0.0763745870309091
0.0683389457945263
0.0746282958402219
0.0233387647054732
0.0305418719341451
0.0514411666067225
0.0439037486133789
0.0286493868702214
0.0882104292181415
0.0605955117995998
0.0261666628963833
0.0624513583803849
0.0445160563597712
0.00357100648119127
0.0614107873921849
0.049535339614606
0.0254530183863822
0.0377262077321601
0.0587395625332751
0.00803189062141443
0.0254929304811906
0.0543155600151092
0.0146495628967323
0.0355707405127932
0.00168064345595464
0.054338406451632
0.0409219240220253
0.0184012543960711
0.0329099546470085
0.0470262318638705
0.0139384885470531
0.0198915827945014
0.0490617457062614
0.00828734512093929
0.073062539366814
0.0762142681877121
0.0294540423174199
0.0378990564855044
0.0531795482994787
0.0453193710224155
0.0334869408489952
0.0893659021153577
0.0593130913478227
0.033706891728881
0.0669331691718636
0.104537622333347
0.0487104599917265
0.109946445649891
0.09522843247087
0.0699903633463456
0.0809250875162237
0.104867079140986
0.0381946045966742
0.0741600497515975
0.0961195919597135
0.0636352284823697
0.0481722198594625
0.00935202021104065
0.0607673700951337
0.0492855938882175
0.0282963670199258
0.0391456892828643
0.0554086697118558
0.00238591422701162
0.0297867178982721
0.0549944357246143
0.017351290047325
0.0897455997248685
0.0919046611829959
0.0388417415203488
0.0469223303312468
0.0610047154116823
0.0563438958968444
0.0423608714103544
0.0984119778863011
0.0690696010111878
0.0430724529830912
0.0775171152910967
0.00747559406060109
0.0314763651114372
0.0215162434778706
0.011371925546702
0.0100431070444002
0.000536134179985954
0.0147936345450297
0.0424095676062047
0.0117951501824562
0.0147994733797508
0.0222009658704822
0.0678597550102339
0.0684129121802606
0.0219391762796218
0.0308644476594969
0.0511285900417524
0.0426560211957429
0.0261823848320603
0.0928848014532973
0.0556793001519749
0.0254526257067891
0.0593837591415784
0.0449500167498263
0.00367268676041218
0.059088742398025
0.0491506398974564
0.0268570097637376
0.0365285097217117
0.0537075771566837
0.00756015303468829
0.0254238583916561
0.0501949698148483
0.0146248512946553
0.0899861553207805
0.0877830525128889
0.0393918836598537
0.0464615887442786
0.0654362883151809
0.0577391191127443
0.0463672628036682
0.106591478932062
0.0694270504514663
0.0439294133924478
0.0835850342282893
0.0429136185375704
0.0570541575888738
0.00380809263871249
0.0122510967595249
0.0306207942796034
0.0216486996180773
0.00947217553707819
0.0671133846781296
0.0378656128945213
0.0088043425928796
0.0456747103932275
0.0414550253919709
0.0518578254439393
0.00343165526895289
0.0114737362833338
0.0326410228958575
0.0238362206779781
0.0084758617883804
0.065736201140567
0.0374421365441451
0.00841566045732559
0.0487493327075687
0.0480559632236944
0.0578278926342688
0.00720332797293131
0.014988586716969
0.0371488385503149
0.0282250818322089
0.0127174029737711
0.0732910683633758
0.0405167124725221
0.0128187930549099
0.0501056944172299
0.0535316215273084
0.00899344289460853
0.0688109585003391
0.0520810508757682
0.0295030283166226
0.0409937506609449
0.0587275755913398
0.00241425673203197
0.0297114001600429
0.0617668272556779
0.0201823626233199
0.0144209707290644
0.035554129558392
0.0191934892196542
0.00789838473344462
0.0142171317909194
0.00350626502337645
0.0122816638545721
0.0501398985648242
0.0164973271087869
0.0126156566275802
0.0280250291374516
0.0633987712160734
0.0720731966263666
0.0206960745257004
0.0276889356758907
0.048806244164536
0.038366447456916
0.0243954331938817
0.0811644712314758
0.0547029891387486
0.0245776778853216
0.0607390861707398
0.0469166177122154
0.00588853201325568
0.0596000383538197
0.0507027245740371
0.0264580465167043
0.0378718877026393
0.0558631333414341
0.00581513453210471
0.0276449217241695
0.0557813782873154
0.0170182566970255
0.01859878289993
0.0379215448896941
0.0130225655442636
0.00461552939467811
0.0164114641483968
0.00648103599082844
0.00803479903292068
0.0541461928564326
0.0202093900632167
0.00807661326423403
0.0285651747189445
0.0423404823528752
0.00501826530813934
0.0602962002766225
0.0492169222192816
0.0238151318620048
0.036729182769077
0.0527924380741624
0.00602556917433569
0.0241947605340221
0.0513111115420979
0.0144035090340319
0.0334472961991328
0.00140497370698458
0.0553482021725464
0.0407366127865147
0.0184537337067725
0.0295328028070655
0.04306927810141
0.0127330930844679
0.0185286171239728
0.0457620635639691
0.00805094104677848
0.0715433483503571
0.0230334159619345
0.0785530404336568
0.0649041685386626
0.0428981730760851
0.0567934688656978
0.0758605465166807
0.01334589321729
0.0465495571737938
0.0722588796628866
0.0331614106292024
0.0908587446072939
0.0847076390766907
0.0406014300948127
0.0453235135297088
0.0636049644722972
0.0562527945490804
0.0425640720235071
0.0948247563561186
0.0706477260334871
0.0417161357490976
0.0824308972847929
0.0116444742238
0.0183377741763509
0.0347005808653467
0.0270004611353924
0.00313949088735487
0.0143664463226082
0.0290423278189887
0.0298929530547457
0.00175787862754078
0.0299491464975184
0.00808474333427359
0.0973340303801964
0.0374032329261219
0.0978077307252831
0.084342368825895
0.0578141199835474
0.0721083867477727
0.0884292780067748
0.0287864176054696
0.0599495155534031
0.0951429776131672
0.0486104217622492
0.107446521711649
0.0935971678738085
0.0542483945621893
0.058418950430355
0.0719893187268459
0.0689025997303185
0.0555866614480559
0.118174967466835
0.0831962895583631
0.0580182969683445
0.0918384684550644
0.0373606049861557
0.0529229559426142
0.0018324048795849
0.00979441539047029
0.029458143967381
0.0217402183284847
0.00706568164548638
0.0628808217843012
0.0343778006715894
0.00658458229915073
0.0430206625751897
0.0299600192528739
0.0478145644440434
0.00520875892061278
0.00350270085804431
0.0256952542302234
0.015446924505596
0.000484023927257448
0.0610138923756853
0.0272145454559178
0.000116568490289244
0.0394608265268063
0.0982372057616695
0.0969213220661052
0.0444032574562213
0.0507702932209214
0.0693151689635606
0.0621504875330885
0.0530345713049736
0.1065079614709
0.0792311387896561
0.0492219005769009
0.0906689190601128
0.0231314182085623
0.0446574306199517
0.011038633613609
0.00214508466775121
0.0191320705348388
0.00920507001639685
0.00584552461836886
0.056695367608856
0.0248763125701617
0.00574791086214975
0.0314208578214244
0.0248663339337995
0.0400384801042408
0.00617670143791471
0.0021652589601499
0.0219893699963981
0.0124717040390463
0.000718709842222578
0.0576599145629689
0.026202084599076
0.000997505738420535
0.0360762279244057
0.10469811130042
0.0449317299489389
0.112705669696403
0.0893187569558044
0.0666823916716318
0.0782254771830562
0.0996205715977111
0.0356979630672989
0.0656401437384432
0.0972224818451131
0.0553873094923916
0.0673115833487425
0.0181472973020083
0.0797400007096355
0.0635729688839681
0.0373969755580305
0.0483400728308763
0.0712570102151264
0.00642750203844899
0.038147936382598
0.0674879398852733
0.0287916573365518
0.00726740162130445
0.0228315267411095
0.0332813893114554
0.0224071450233379
9.64638471863204e-05
0.0111891904304004
0.0263424082257868
0.033888343814041
0.00173786796946609
0.025751741847215
0.0119733235210357
0.0285150559848538
0.0084109847597224
0.0490169060289063
0.0393913778859508
0.0128701121715038
0.0248448515450475
0.0403711299799653
0.0217304512533724
0.0122176142737109
0.0411433791813905
0.00201713089734918
0.0312617338849982
0.00564910196252477
0.0482356878989615
0.0395337128620325
0.0151063759007506
0.0262410993285852
0.0447804568325769
0.0182316699314783
0.0158690249691918
0.0456734675510604
0.00453506435527126
0.141866459076543
0.0786880085398309
0.140483264605205
0.120672006898742
0.0926652040771546
0.106498116507819
0.13717785615923
0.062200475102744
0.0973380152553174
0.118891539501822
0.0782443152992778
0.112959296223801
0.0553148040209675
0.112390909786318
0.091922498718074
0.0726042383897731
0.0858846136667118
0.109875547175684
0.0427238438776579
0.0761768835384526
0.10235532954745
0.0611682502644638
0.0370728607517827
0.0526007714837944
0.00210055960610603
0.00734905986784532
0.0288223374442662
0.0182516842711356
0.00393948253902856
0.0653761857164925
0.0351048946404371
0.00345650363107976
0.044116836185796
0.0909401566360438
0.0920476324864915
0.0320075769341213
0.0384014445122469
0.060342645363423
0.0575041549591655
0.039873049849821
0.100107490007087
0.0705171174684936
0.0409010699493647
0.0761866322769708
0.0185027067718503
0.0137720310356693
0.0407603014189602
0.0301477340685035
0.00761294246685565
0.0192998263094678
0.034655928207771
0.0259902510813786
0.00685354981021003
0.0345996870037949
0.00378102509546448
0.0608191739543312
0.0694099986239237
0.0143758946358708
0.0233149813430564
0.0433676269287012
0.0346237144882801
0.0204451782665646
0.0789202108329852
0.0508750133380628
0.0197710841306739
0.0556417819174758
0.0800615679087948
0.0800732750313024
0.0312987416693941
0.0364327837921454
0.0545769182432507
0.0469562193718812
0.0332908223102206
0.0897101319398799
0.0656301845840119
0.0320051729810407
0.0696924841621622
0.105153614724526
0.0949373720795713
0.0473472856754055
0.0529998754019224
0.0765012357435667
0.0646784977605059
0.0517104617407719
0.114627972622624
0.0800016770860262
0.0540219829219365
0.0939963585434957
0.0541518526210716
0.0638651589108584
0.0147705145676604
0.0198731911506611
0.0434426651652326
0.0315964806706514
0.0189299479576236
0.0795312372804947
0.0441481445948562
0.0182390561397886
0.0548591250524705
0.170213238052052
0.139213969878375
0.103119825601793
0.107677318275441
0.123261227554821
0.112948048401672
0.106607360679297
0.160825424046707
0.133012422667358
0.10262159810633
0.136913937844356
0.0552343668697106
0.0628831017703897
0.0126366065487493
0.0219228235077655
0.0410363116944206
0.0311708256627694
0.0179797518683649
0.0749002326477835
0.0478296129942184
0.0170106322836482
0.0613439273874436
0.0680775239142167
0.0213478641000356
0.0784213483208001
0.0632768244652172
0.0393576432183605
0.0537293083495171
0.0681280333575786
0.0104548814653634
0.0443283962950686
0.0667761458242548
0.0286956985238606
0.105055357745871
0.0970081668348347
0.0515028438666774
0.0543776509958362
0.0736503425420211
0.0660162532513621
0.0568329510693898
0.110574783789967
0.0857942678967155
0.0553482122873081
0.0918356715087713
0.0718438386256434
0.0754837173803427
0.0257532514414646
0.0312208999332343
0.0526015969657756
0.0437484490487164
0.0302403368862728
0.0904029690852006
0.0591854340774339
0.0303242982329439
0.0676052419036674
0.0372408105324766
0.0545546999226249
0.00128598872443401
0.00738992465799934
0.0277795936666919
0.0193157725041782
0.00432001813584144
0.0669669390287671
0.0339632338563135
0.00395192237721941
0.0441107389385768
0.0160402328734078
0.0414006726874342
0.0148656930887849
0.00597342058433836
0.0155806177525639
0.00546759781533715
0.00897839253630796
0.0486692220853373
0.0179203463885746
0.00879386452622199
0.0273134073475153
0.0820174519638196
0.0846863129527507
0.0345822680401736
0.0377343571385674
0.0574733318703279
0.0523846248945828
0.041369246240942
0.0982401196480923
0.0667656927976269
0.0377716319059378
0.0713252098543515
0.0176475107498546
0.0149802007097512
0.0427852576434959
0.0287060993718216
0.00711518216688787
0.0192423818718485
0.0342573281105369
0.0262092213041735
0.0056041555361771
0.0337941678346557
0.00473579590275581
0.0544927945950064
0.0659476297295153
0.0122699903957601
0.0185871918303148
0.0407037389678897
0.0305078867956481
0.0177223927637467
0.0776165160268986
0.04545321136254
0.0169242430668966
0.0497729988029773
0.0945563373867649
0.0404176685575258
0.101470242517003
0.0800045293423482
0.0624629164006017
0.0721163912996794
0.0937698399204817
0.0308621855882819
0.061621575398261
0.0897415788668336
0.0525379804372152
0.0314682542618669
0.0479960802313561
0.00568377867872597
0.00371947031192107
0.0245005416157492
0.0163254101503261
0.000479454929313347
0.0603021263188887
0.0297072552991488
0.000121340257972885
0.0409933980523254
0.105117953547307
0.045374372610143
0.106074442396704
0.0945842192491458
0.0679108849783454
0.0829654794475477
0.0975147496597346
0.0351058248978205
0.0717720410867633
0.0948948218710615
0.0600138094460698
0.0905864057614359
0.0367240338047695
0.0954390152440575
0.0781904109337062
0.055885051905971
0.0686076050854423
0.0850989293507345
0.0266511683425831
0.059246915934436
0.09110034116726
0.0463279514993354
0.103830347259914
0.0983400208021753
0.0466832551018439
0.0535664187142573
0.0699995204463598
0.063864113354019
0.0556149369103545
0.109251533663114
0.0776358837437717
0.0514379619142357
0.0852837223705254
0.0784831221143326
0.0282983915189488
0.0852683700804748
0.0737134673655218
0.0484974356389822
0.0595973228286143
0.077326005063754
0.0175554702862088
0.0536544051355819
0.0770919320491318
0.0378744824503644
0.0667281314500457
0.0196664509332393
0.0765526327853085
0.0642624265162121
0.0385862714350034
0.0525931685164414
0.072370340944254
0.00793828634589151
0.0399666983436492
0.0710379262532893
0.0280177957410102
0.0698213369525505
0.0801001894868856
0.023748955976515
0.0296075780002696
0.0495124391687118
0.0405291672809301
0.0287499353388471
0.0853323120773511
0.0555261286065368
0.026663378027538
0.0671203385308745
0.139700001244549
0.0734721364121651
0.140464221594643
0.119545700133749
0.0814796743680995
0.104300045170512
0.121781089028454
0.0542670955412968
0.0942190701740715
0.118652173082558
0.0791583917029425
0.0441927724385211
0.061666783940977
0.00600681221020579
0.0140973148224135
0.0322520604574703
0.0249542247899165
0.0115583667629465
0.0684554880154868
0.039592350933823
0.0107274938259453
0.0485340942311678
0.0720281702617894
0.0784027158015182
0.0249166007713723
0.0324623400843575
0.0511465069277404
0.0468585313687111
0.0293566793626796
0.0951354083084996
0.0574161515273201
0.0305952584272608
0.0696373649498264
0.00826265527374299
0.0330848691028202
0.0205901831257916
0.0117833000551632
0.0111006543503214
0.000237738233485957
0.0148803339382295
0.0424472979416276
0.0132113703945437
0.0159775332517202
0.02278925483025
0.0348797288084297
0.0519260684782014
5.46427119763278e-05
0.00759058874821119
0.0296671615699216
0.0184811376144891
0.00546389939143461
0.0648116312512767
0.033595537973335
0.00489757129665376
0.0424274648726678
0.0334554576023469
0.0492816535404196
0.00238740662071411
0.0062341687388946
0.0248815514463964
0.0181493897558168
0.0029382898941539
0.0609394624448195
0.0316012081512229
0.00285588350479319
0.043176024071364
0.0243152197983806
0.00836608033313073
0.0468161441726605
0.0354743606463626
0.0115775518631794
0.0237776992500058
0.040809741126351
0.0213438006937052
0.0109384097549639
0.0379557476334277
0.000898202423352696
0.0900142953246539
0.0869497201435035
0.0380851126991527
0.0441886583627654
0.0635632979739659
0.0561792992928376
0.0415914982069298
0.0996273560379659
0.0685105226168496
0.0437104076194366
0.0853919791549495
0.0516348838947104
0.0105898149794101
0.0646075538870358
0.05562310383804
0.0280390855461038
0.041498699451632
0.0563613918237224
0.00155146701317833
0.0305313568028852
0.0549624343118882
0.0201504118540822
0.0434743405579895
0.00333796065497597
0.0610544512408666
0.0483724593038362
0.0235133483537959
0.0371268233566118
0.0514166673107776
0.00864901559615357
0.0242058776766842
0.0524308257242192
0.0147649085386468
0.0776588576429828
0.0778548541387062
0.0297540078436515
0.0344098771404614
0.0574899229496762
0.0477141991138919
0.0347080268349694
0.0940873717722015
0.0621877891849546
0.0326773583023214
0.0693098586441305
0.15314790877267
0.137029336903842
0.0829339755264597
0.0958465864337422
0.108004395442279
0.0992047136972459
0.0950356099511059
0.144160769655588
0.122702074167219
0.0890731616496445
0.125503864151704
0.00348198767632332
0.0234970836163243
0.028490088755598
0.0194499448582896
0.00215192290001709
0.00843074896336605
0.0222932801721955
0.0343841499034507
0.00395545672095832
0.022433723760233
0.0137675583465171
0.030822479209385
0.0488674890880224
0.00457973282410716
0.00397547725178789
0.0249113916829812
0.0160959654526851
0.00119725419564429
0.0582454873296808
0.0301844374450678
0.000798260346326134
0.0377593638711282
0.100643970063688
0.0424495616514068
0.106721641858568
0.0895379500495686
0.0650404900675456
0.0747404829547001
0.0972079761530552
0.0344822984434746
0.0654193282412225
0.0943398094125714
0.0542751010853739
0.114022635437087
0.0566644545515315
0.111993752886549
0.0993942900246838
0.0689713291015127
0.0832763616537946
0.102533536643728
0.0437410570260605
0.076091367193845
0.0999377226394699
0.0642078719952891
0.1546336005177
0.136750441764229
0.0913210793793751
0.085392966165946
0.103736509324275
0.104471634702816
0.0888900499061384
0.142832743079146
0.118999878306273
0.086114254025016
0.126411562480951
0.0586462378147407
0.0680992631324459
0.0150303430118554
0.0213095960314608
0.0409821518003939
0.0335591595621275
0.020802869849796
0.0800053860761113
0.0498000692797199
0.0183730123827588
0.054847586268557
0.0158192354628557
0.0360598549117422
0.0141471698274433
0.00517388156706631
0.0154028712851925
0.0059521216818513
0.00827087823355436
0.0502852470852233
0.0180097389378838
0.00864954314289022
0.0271383339859977
0.076183256655633
0.0214593242209781
0.0851795809212242
0.0700518292096781
0.0436747538237755
0.0543065136633237
0.0722017128005611
0.0102970728220872
0.0436287314952892
0.0728208890592126
0.0318954081479037
0.0353156837861954
0.0519321311816143
0.00268241581383698
0.00615269965283923
0.0280766069453087
0.0187792606567696
0.00315934279324079
0.0653697673718699
0.0339599023039269
0.00276138780660456
0.0437304236870113
0.0455463046593294
0.0575116497871087
0.00590805675831755
0.0138841705511333
0.0349775140579154
0.0260609416773477
0.0109889407553156
0.0720001299789489
0.0376365524252217
0.0113878744300664
0.0487969711431175
0.0976769301019989
0.0950021424189334
0.0448660367397511
0.0496666041325643
0.0727132610558908
0.0600047981628633
0.0474842402153862
0.111732471109419
0.0772511181892953
0.0495404907530234
0.0780977222328539
0.002571959347655
0.0239793001819314
0.0300124922309053
0.0201894694396431
0.00298889404932066
0.00779729370240268
0.0229183211445137
0.0363993391997881
0.00503629557139183
0.0238573035288931
0.0153099884919945
0.036412370433951
0.00230417555691566
0.0575127135909473
0.0403425504002547
0.018442132902965
0.029509160384882
0.0481572559223134
0.0139559116764426
0.0204584857420259
0.0497976567378591
0.00833841692544528
3.71855912445969e-05
0.0266344418330901
0.0268118996044604
0.0166689678700469
0.00444388324911564
0.00605905709346233
0.0204839800462968
0.0385773635318498
0.00663909726935949
0.0206883372320575
0.0160450318297956
0.0475877733292942
0.00434960500767945
0.063783938247332
0.0494280833401842
0.0258260373125033
0.0392574782345595
0.0586370877497274
0.00714886973147713
0.024372285821891
0.0533138664110269
0.0149700457677083
0.00410940509088255
0.0287394823710757
0.0258152843901551
0.0143496066291654
0.0077367609528
0.00354392318668359
0.0183447104463034
0.0425108219036478
0.0104719194348136
0.0184779163546113
0.0205456859426333
0.0586634608188875
0.0171931720838329
0.067329521941768
0.0602578548268258
0.0396663007214272
0.0488848216756937
0.062827175913415
0.00680816113578267
0.0387675959248867
0.059569410691477
0.0265396764249143
0.00765616524668215
0.0207702006455811
0.0347162330539597
0.0219084692486515
0.000234280877360493
0.0110104435285065
0.027557990663674
0.0350530904582929
0.00138429015473857
0.0281967190642321
0.0112511232113525
0.136974754486122
0.0722084455815379
0.132759043577949
0.11909761431404
0.0907646820767236
0.100917852825431
0.124025109889968
0.0575591005498886
0.101251969452703
0.11858965517021
0.0779292682285747
0.0413474896005774
0.00230179138832511
0.0601907924707453
0.0452102843052912
0.0220742482472507
0.0359583640886286
0.0504417253666945
0.00997848270185781
0.0237824258327061
0.0500835390989168
0.0120772592549193
0.0466976323139154
0.00379149669782955
0.0619277157510487
0.0501446392443622
0.0253866700138131
0.0385433789269029
0.0546094763257452
0.00842022724554291
0.0246621747800326
0.0539136470487946
0.0145387342024305
0.04284534486415
0.0513746708183941
0.00100988255744556
0.00965060842051743
0.0316381769248274
0.0219061027469842
0.00709540469633293
0.0744047836002631
0.036540398196275
0.00648172524149259
0.0490785809439392
0.0261138070823205
0.0450103593229131
0.00701541023707726
0.00156820335305168
0.02190081520508
0.0122734786331138
0.00146243921767214
0.058774360145169
0.0259194470060604
0.00178537765052013
0.0327741409366158
0.000225279973939168
0.0262225618359411
0.025594568277901
0.0164890387355698
0.00508323975869154
0.00597197144648571
0.0220458001185076
0.0422525026913752
0.00680424235250288
0.0226168661992374
0.0167055847425678
0.0420755459439371
0.00182333570740298
0.0622706664601324
0.0471933170226298
0.0223939320423096
0.0349549524825774
0.0499827095710119
0.00952182913069336
0.0227878430814764
0.051653180115002
0.0119050456632888
0.0492671537252209
0.0072465654668662
0.0639026380389605
0.0510128419416477
0.0272194344639417
0.040783740881008
0.0578921526648095
0.00436130483890652
0.0282729901173691
0.0567739797820397
0.0175479963166
0.0847754224501333
0.0339308549702827
0.0910879014264763
0.0805525222188273
0.0525259025422338
0.0621721004419328
0.0763664118792396
0.0204605409495818
0.0572819285965695
0.0769372994724753
0.0413167769499919
0.11494304737018
0.100359818453425
0.0565075898874678
0.0558441606616545
0.0793492196623502
0.068619394126578
0.0577308472066083
0.112624334473031
0.0853145622229292
0.0563292915773738
0.095587302098925
0.0140606156706656
0.0343372986863647
0.015210371813534
0.00623913034999715
0.0152680450075782
0.00434088906742086
0.00968533094498898
0.0481630388800519
0.0178754233937498
0.00979311044312967
0.0267130963448479
0.0189305074027137
0.0389384438885001
0.0125536394840018
0.00347204007841141
0.0179319130373025
0.00751500237109333
0.00677530232450648
0.0542259156915667
0.0209554832391412
0.0069894475309082
0.0303096914472122
0.0488699210338724
0.00617309921698218
0.0659357013951592
0.0473865503406907
0.02659070287265
0.0420794475846798
0.0575024198097509
0.0051541259227966
0.0274129655974038
0.0564716459231724
0.0163917005960351
0.0498243092681726
0.00665004729909364
0.0647134138987165
0.0539826948647875
0.0278296213480006
0.0394803217947171
0.0564902960111498
0.00433784753658244
0.0283452230443715
0.0576174523842617
0.0186351374208428
0.0102344885400837
0.0181760963219937
0.0338793307831072
0.0237019035791809
0.00258078969507807
0.0135508751380739
0.0283285990743396
0.0286202039179364
0.00123380414437364
0.0280720055844037
0.0084002637832512
0.0774324895910169
0.0856156470100795
0.0285600929602211
0.034526944036733
0.0533808996553193
0.0456812497446971
0.0315696352565455
0.0913615439088315
0.0611849390954457
0.0329800217791737
0.0701496170397321
0.0374818440999042
2.43787927945269e-05
0.0541064338289527
0.0448168479910499
0.0207778072904434
0.0335316958984772
0.0499233662267894
0.0111725190818829
0.0208158837231054
0.0510120090243681
0.0103503731726491
0.0423315950438556
0.0547829117054394
0.00202689654962556
0.0103702427661524
0.0323729290819387
0.0211808249030298
0.00840048890846971
0.0725216258883311
0.0365485724484757
0.00711721984764044
0.0448819536755512
0.0307854193405988
0.0487792291191785
0.00500894244246542
0.0037003510428112
0.0247496855410657
0.0153020385943309
0.000752109474656721
0.0609349845174006
0.030412981688363
0.000394169929081271
0.0401794174957104
0.0196905036966264
0.0140186817008202
0.0434892202227893
0.0302607370892152
0.00818086819812232
0.0192079086483259
0.0375084402163663
0.0277890268120823
0.0068491870305347
0.0348472141818758
0.00336222437791664
0.0678344096467172
0.0205654701344958
0.0776569555241918
0.0635305006489683
0.0397461866490839
0.0545616073825973
0.072770807698766
0.0101706165925495
0.041813039434764
0.0664341069766953
0.032982695970558
0.0532883159707342
0.00904235149498087
0.0635934097643793
0.0539904199444609
0.0301875585696845
0.0440491381731197
0.0606236773075174
0.00233237161971759
0.031559714197909
0.0589718559534423
0.0214790046726331
0.00208103123407979
0.0241326479693024
0.028319219252604
0.0175215393843689
0.00346001827160763
0.00726889821299885
0.0228951409422511
0.0357907476960198
0.00520307861216032
0.0219328358960518
0.0147272529812304
0.0652675802841053
0.0186837051560725
0.077523115772248
0.0615966993225614
0.0371412860590167
0.0518241325664009
0.0675971137313221
0.00743785142623389
0.0390561676226158
0.0695707963327913
0.0284608516698238
0.00531049436293875
0.0283065649686316
0.0226583453283499
0.0128545915871035
0.00836951979456104
0.00214926485905448
0.017476788611744
0.0429293192069143
0.0112909409413333
0.0159157860568544
0.0203304042674327
0.0453564788860658
0.0576765017981745
0.00682384408948797
0.0146292145233606
0.0372191300117405
0.026025235187331
0.0130507349141127
0.0716736306140878
0.0392586003141706
0.0115142828013405
0.0493307384887056
0.0750650166275035
0.024357981580343
0.0893487211037133
0.0716844429476831
0.0433971913973308
0.0614430807478935
0.0807231176779736
0.0140172893888341
0.0454587464873547
0.0753282671971544
0.0377821995583469
0.174261952921614
0.101222082942508
0.16100645988723
0.14630269056123
0.113765810349999
0.126094216241687
0.155337879887274
0.0921186043605311
0.121966652942248
0.140057278948058
0.112397212726347
0.0175331805975925
0.0135540171341008
0.0391277674076855
0.0299389723383021
0.00734180279938264
0.0196315927921551
0.0358137625433799
0.0253478221760542
0.00613501348146029
0.0344059053323163
0.00345325076838564
0.00722425580822797
0.0222615195913849
0.0350693915441575
0.0231113287107911
0.000379528514461274
0.0114226260381987
0.0260676586912622
0.0373702008995492
0.0021289646965587
0.0286509624328741
0.0127937185336815
0.087007333071719
0.0358978017011975
0.0959977804661543
0.0778030999714698
0.0513672342337448
0.0691979082201623
0.0819799199627065
0.0241126520529613
0.0585081770604907
0.0847600607733754
0.0452661034959009
0.0990626487673504
0.0415113503613521
0.103189926803214
0.087665987371782
0.059903292214664
0.0740432002937541
0.0972377813762585
0.0314404876750013
0.0627344303754749
0.0892992358821542
0.0529992270121457
0.0177462806934743
0.0140065835476082
0.0421899998679069
0.0289771836587286
0.00678300836990642
0.0183834449736366
0.0328275033875299
0.0258967426820798
0.0056635616517108
0.0335422059839018
0.00426419716981641
0.0872694060148111
0.0898731226203399
0.0393203549864642
0.0453358970722767
0.0593378387483256
0.0558823307727624
0.041626336014598
0.098330082238723
0.0686485680006011
0.0402985982498913
0.0757688535730489
0.0287721902084907
0.00658268301629157
0.0534363302508097
0.037476394903194
0.0142702861787302
0.0275289563056653
0.0400629021633245
0.0184053194556779
0.0149499654206463
0.0443486081493659
0.00346101808670135
0.0174708034051489
0.0138004785129015
0.0409056221727461
0.0287861232246649
0.00722249657185603
0.0182467192669018
0.0332499078290542
0.0255838892267886
0.00611456438734515
0.0353350276274407
0.00414684620704483
0.00514868316078673
0.0337741598098305
0.0251249246907416
0.0141812653672322
0.00771380376595233
0.00294468960898785
0.0189174182275058
0.0449517381665688
0.0106822347469115
0.0184049945958462
0.0196361801752283
0.0530575030761406
0.0109170707302865
0.0675230843846429
0.0537554964437657
0.032267316970224
0.043730701608611
0.0590978350629494
2.07777295533173e-05
0.0323474817802365
0.0600243624101989
0.0203521034366317
0.00358842739037049
0.0283631456984949
0.0243117090118464
0.0141428753384214
0.00753572109464039
0.00321855892353274
0.0179129771963192
0.0422361703529045
0.00939875468808851
0.0173594246937479
0.0186541577372463
0.00937171996558343
0.0187860420039205
0.034504631479849
0.0231308658481235
0.00222293902205581
0.0124670297997151
0.0280951258303125
0.0287859642238398
0.000876707764397385
0.0272813276009032
0.0085138256246125
0.0935950649495636
0.0413631814062302
0.0989057220606076
0.0790161385614792
0.0581405440992329
0.070677891753064
0.0899841984785827
0.0302079441625204
0.0644119336610086
0.0919432379991735
0.0512682882032423
0.0274155131187637
0.00565782443539547
0.0464892840913578
0.036257667531956
0.0147233003932527
0.025270445796321
0.0422650906001779
0.0170494255622939
0.0135822854828636
0.0392328628333984
0.00391754763362897
0.0350443602983799
0.00199229518320204
0.0550762711562962
0.0414738895905783
0.0182314590873931
0.0312401894515112
0.0429352089417147
0.0140477428497578
0.0176105048900182
0.0460406022128623
0.00801975373784084
0.0390466270629782
0.0512036502077753
0.000625565489868111
0.00921386430719915
0.0293642502822505
0.0209369083131137
0.00646927851027718
0.0676817170409117
0.0360105630451342
0.00595609303826679
0.0456615500320923
0.022419358680208
0.0101043935501223
0.0434641978431202
0.0334840075883738
0.0101618597716757
0.0226112741053038
0.0357387851849181
0.0224679784080591
0.00965332051272246
0.0349971319028877
0.000562477459784542
0.0435249718419272
0.0530874546552031
0.00518360396647228
0.0126454113623535
0.0325492912693458
0.0245375768927092
0.0105121870184343
0.0723428748821668
0.0395824272195704
0.0101773090843342
0.0484173678257154
0.0401645930561727
0.000642099120703819
0.0564538063218092
0.0465216314059895
0.0204729942857954
0.0344507219400153
0.0501604031704156
0.011136304875046
0.0217225504260715
0.0477449443727935
0.0103010472015863
0.127432926679966
0.11397048274851
0.0650111434867593
0.0695467985201942
0.0895167903066894
0.0832982822582247
0.0739434833909027
0.120939083573749
0.0946860720192854
0.0707166507638152
0.108873134915029
0.0669628310381676
0.0199924726796786
0.0751958674920637
0.060818051558608
0.0406980404518652
0.0551852226568333
0.0714254605652596
0.0089003030789238
0.0416123936048352
0.064786628273395
0.030625639351346
0.0435112241072757
0.00485432756769284
0.0626489192967178
0.0515644100351134
0.0252315219313656
0.0367600810078014
0.0543104778384816
0.00654533496457554
0.0251495371422823
0.0496346383727855
0.0149086596819541
0.0104130869976794
0.0328272516287582
0.021171630059802
0.0103211431926421
0.0118249366443796
0.000955648314238367
0.0138133496183695
0.0484521099128544
0.0143745522009362
0.0137030738320509
0.0235545763745745
0.044226234982717
0.0560055199650041
0.00721831056280494
0.0145387759775401
0.0353107687005247
0.0276935772704998
0.0126999722737569
0.0717011881853098
0.0376371797961297
0.0127395421909367
0.0485830412211603
0.107593624711413
0.103784574139962
0.0556776707936634
0.0580072198904572
0.082133864400384
0.0713793687382226
0.0586445460299793
0.116070976240707
0.0890474101846013
0.0580987919527361
0.0952825733756224
0.103477582543144
0.0419391747169032
0.104696466266865
0.0884118078586493
0.0617443915931401
0.0792957755815642
0.0910526985104669
0.0308203178883102
0.0656197086552899
0.0890456043181491
0.0513028905876636
0.0439756813707461
0.057114043108021
0.0075044743585505
0.0149743620526812
0.0364780278339313
0.0247861795436167
0.0134173856201833
0.0682672360986473
0.0383467914041974
0.0120158889855749
0.0503487059688709
0.0436194167835356
0.0551796199686758
0.00388651520361382
0.0121988533910481
0.0344079335191616
0.0257658032579822
0.00960561674193285
0.0729596405982724
0.0416000886639959
0.00917021369000113
0.0444101984677489
0.0496606110377301
0.00812340970476633
0.0626228404568868
0.0531831566677765
0.0283733726883574
0.0432298487979358
0.0537115697757783
0.00341659521980843
0.0288691444836633
0.0547202606764032
0.0171706358488089
0.117274219420146
0.0558488915605206
0.11558323783415
0.105046167356285
0.0781485805972223
0.0896060799963811
0.108141812309373
0.0495861611397007
0.0785102324992064
0.110112374063888
0.0668685639866066
0.0567290634617691
0.0139482402683614
0.0689103869897665
0.0573975390472821
0.0332426919457862
0.0471924241688081
0.0660521964946729
0.00244414356288224
0.0350867827342242
0.0587329887111174
0.0235824127348807
0.0682117024952778
0.0188897958824179
0.0795977354849211
0.0671930056085781
0.040740461124221
0.0548282212731241
0.0711118661959743
0.00776562977131467
0.0416678711379301
0.0692020011009116
0.0287714275988244
0.0321508500390289
0.00383458521964975
0.0499578378785071
0.0388248255087676
0.0162502499470923
0.0286043338750812
0.0445150078990647
0.0148649652135697
0.0165188448685725
0.0420656841117261
0.00585612383474741
0.0836014514071864
0.0819701349864229
0.0316643857329826
0.0357077819063761
0.05632305438992
0.0496373220972764
0.0351186803860002
0.096588854004062
0.0675383515231826
0.036082605159916
0.0730393937405197
0.0164219446570482
0.0148715152897156
0.0366506732856029
0.028252210270296
0.00677266124872462
0.0174883378159434
0.0321617789484853
0.0250988960281408
0.00586788352376439
0.0337956897400116
0.00406200830822047
0.0245106947569381
0.0436482574655054
0.00829881631566294
0.000275078504080506
0.0202416319495938
0.0112453070300023
0.0028137924366581
0.0564576725296916
0.0243263926203349
0.00313875272344506
0.0345452194998515
0.036131638756653
0.0505817597098552
0.00153128673905131
0.00735843827765196
0.027560919045044
0.0180305869927794
0.00405150134125724
0.0637516939715194
0.0320826426069682
0.00382454831175216
0.0444205852374397
0.0562354653024014
0.0628806129959762
0.0130500851745692
0.020336083994238
0.0408385364559937
0.0322964063458505
0.0185591083817497
0.0800418107724617
0.0453875353730939
0.0188653251435669
0.0537728944368445
0.0123606390382776
0.0183180257243882
0.0378331396847129
0.0258368576566304
0.0034065932966834
0.0140466861297734
0.0288393449134338
0.0299879794942218
0.00199546540911768
0.028429908614796
0.0078828536055892
0.201317467918022
0.16938552528168
0.119524321433374
0.130718326490898
0.13794045221461
0.132856481480322
0.121634101042003
0.185013959435492
0.151315313222134
0.127803818877275
0.155607412590715
0.157217038463201
0.0787024641347483
0.140192362899071
0.125706191458872
0.092079452419266
0.11280340239167
0.133582424398946
0.0719756328955541
0.102820930326551
0.135244154911275
0.0879010053637541
0.0211206562683168
0.0122472454156383
0.0425760123896679
0.0310997317435099
0.00919245518760583
0.020582131307795
0.0359317208404663
0.0238843826852751
0.00876891158107462
0.0362790346989366
0.00154610703263849
0.145936680015534
0.127462469674393
0.0828807973287735
0.0881898002473932
0.0997690696732397
0.0951429922975671
0.0874471847449469
0.157025876672553
0.112033325338166
0.0794052854951805
0.115102489988023
0.0459438705599114
0.0595309935036313
0.00454559905781199
0.0131879725788832
0.0332356702340999
0.0246008126076643
0.00990328450851193
0.0712486018945089
0.0380921989921852
0.00914958379791404
0.0460845264570364
0.0330445222536513
0.00495388164914353
0.0514532242022717
0.039222064692096
0.0169966887863378
0.0288503821958492
0.0453870910327636
0.0173618107576681
0.016124177959819
0.0453662875995587
0.00546272397778741
0.170532008932221
0.13262166161549
0.0903555011911417
0.092250998746097
0.110206253590082
0.107463310933413
0.0945975128040057
0.158805405077824
0.12334837478311
0.0953175306054989
0.137922581770689
0.0301668712067296
0.0477741602180836
0.00458940076452331
0.00428256429224273
0.0249400767375055
0.0160756084955017
0.00107632070435173
0.061209901121704
0.0278142105328916
0.00071071746493242
0.0399561538605599
0.00662641063194173
0.0304666336491923
0.024993700563381
0.0140187690533146
0.00955436074782131
0.00172482289761766
0.0161578977583322
0.0442658364503833
0.0123073067920008
0.0171281525891637
0.0205047011095629
0.0454867151655677
0.00512141663570191
0.063293298327644
0.0471379484791593
0.0258815886242287
0.0387275377030575
0.0507004194471784
0.00691082996220903
0.0260488029291805
0.0512665856587117
0.0146418935824523
0.0392421693723224
0.0530954214459725
0.00110486395976011
0.00971246985620694
0.0313572714623227
0.0199895695243495
0.00663756163928612
0.0666892136498413
0.0350133569168606
0.00607372744739225
0.0433318677068702
0.0639926226175938
0.020935699675455
0.0737110099885361
0.0608831434530934
0.0391936649040545
0.0515911864646773
0.0702669023035861
0.00843254418729259
0.0405044639172849
0.0671038310035701
0.0317250917366666
0.0180192590707697
0.0399837465216156
0.0145242080464883
0.00503815297248362
0.0164113188476838
0.00617686179006048
0.00882055389481043
0.0525864806927414
0.019746550392231
0.00868221102656713
0.0291217273126933
0.0974366978530451
0.0881054408615241
0.0481956631812647
0.0492535437116609
0.0687424842339255
0.0607589887636833
0.0531035764618124
0.113895075553027
0.0830479970613756
0.0486971118719432
0.08567638301492
0.0569360458807863
0.0651159063092467
0.0114795955067529
0.019397110976046
0.0422470877287931
0.0306906949995709
0.0174514633767017
0.0822418112348332
0.0451816508839315
0.0174002689644166
0.0576692920195393
0.0758759055151216
0.0224101694859797
0.0883871075441268
0.0703630019782607
0.0444199733314651
0.0560290818400767
0.0782359856581144
0.0105023914794675
0.0453903803507067
0.0722555885665206
0.0352821768360818
0.0467726640251304
0.0575318889589824
0.0100282849167786
0.0171106096331308
0.0358912623803771
0.0274768955402707
0.014332561171501
0.0726347863740243
0.03997201380411
0.0136351217252271
0.0491762016117672
0.084313152690608
0.0350042741397576
0.0921743836976617
0.0755295263448641
0.05182051603206
0.061630239325834
0.0840484662631781
0.0235033478712619
0.0553209965719351
0.0849660883970764
0.0427732423850574
0.0338191777270643
0.0516652957564083
0.00169308923973192
0.00674891896253106
0.0282041213957915
0.017403968951252
0.00397594124312718
0.0619122342633058
0.0329260208850011
0.00355090761603448
0.041280252129164
0.127712310698457
0.113391227509855
0.0764687872697257
0.0730293651259929
0.0912947915237926
0.0862776024848405
0.0760499405519206
0.136001468829841
0.100665644579099
0.073767921587151
0.106559418869462
0.000168856264848875
0.0252432485993819
0.0269206211757836
0.0166660183917232
0.00478108545324929
0.00560913553121341
0.0211147197059065
0.0381491055050475
0.00733548300607151
0.0202234298684725
0.0161420592001614
0.0172085762964694
0.0373625057549534
0.0144823949511413
0.00508246303747398
0.0152260330394759
0.00600199376972703
0.00796592024978294
0.0521775950903932
0.0194933574224389
0.00838164779931244
0.0268713625505481
0.180940397750261
0.0932230155459234
0.158020131604732
0.145858622541786
0.110726293543104
0.142523500574128
0.157678312090887
0.0870619417911513
0.125462866622779
0.148132595419538
0.109800224656973
0.0153259090771016
0.015023857217424
0.0402321990210026
0.0262946482401989
0.00546190637275614
0.0162070257657331
0.0312055210882607
0.0285358766697153
0.00469595509382987
0.0320542448210144
0.00539528170814615
0.0251727428406265
0.0445141623091571
0.00923842313234464
0.000104407160903817
0.0212983304050567
0.0106765741350352
0.00316480554515366
0.0588953556454329
0.0261061007581525
0.00363631158138825
0.0350737571283737
0.0674248433821879
0.0176311529504298
0.0768382374149084
0.0668122374921226
0.0360444533737892
0.0494708079778266
0.0734744854315892
0.00616657023689805
0.0425481088368818
0.0693638238250266
0.0274361662494454
0.0283901856378939
0.00756131949024118
0.0474571395981701
0.038278667431369
0.0147557717664772
0.0249998526747206
0.0418564655193103
0.0201268579997113
0.0139256502409595
0.0403089847897817
0.00280096377574035
0.0580317046195791
0.0139515563512358
0.0709022425681296
0.0553424023789812
0.0329310563433427
0.0448925627446933
0.0637548739389995
0.00229839439746925
0.0369722580836103
0.0643826701590441
0.0247067727705927
0.0323621964258659
0.00493113635368611
0.0513903321902697
0.0402627320770327
0.0161344165208972
0.0278505723275132
0.0447253219395926
0.0171665979363201
0.0163068439648843
0.0437057317971636
0.00526871174457562
