0.568389363052909
0.361957513979173
0.418494783441845
0.41569278887301
0.358849634939143
0.369280888136861
0.422635216192158
0.344761809704685
0.400090694838102
0.445605987328525
0.373775770715256
0.599988117474918
0.424106477121498
0.434770271117928
0.413450088013292
0.401418872679507
0.401524535030401
0.423196472905229
0.449535898820742
0.439155111673491
0.425946370915366
0.424069847991767
0.433099520628333
0.303845256562023
0.360436105321127
0.320923195809675
0.306676263084332
0.324647046004927
0.346583556952136
0.285971194116215
0.307603376897012
0.334285771027766
0.268629967658862
0.35741707611648
0.302287011392753
0.257769276621055
0.254739531833472
0.261656292246737
0.252441534557874
0.262554926850203
0.306009585464405
0.268556150322795
0.268283541321887
0.288980020741643
0.0436800714665466
0.0470874980320313
0.0167102759952929
0.0164675378993356
0.0307617655529075
0.0256385190914276
0.0142633713121798
0.0701490008752474
0.0342958395008152
0.01419858280689
0.0593157702055521
0.0385422821129833
0.0444941404741765
0.0118555271486154
0.0114000423244517
0.0294632510491313
0.018969262339494
0.00915213067982214
0.0662961440015601
0.0297908702926525
0.00866090994118837
0.0528388833287265
0.0157727905495723
0.00759640821024028
0.0307819008869224
0.0253002621948039
0.00816484715787684
0.0184246044499422
0.0308133216036901
0.0301085396339175
0.00820724084779434
0.0302642408575566
0.0152376099526176
0.0747799034601754
0.0721520996272232
0.0388410742657829
0.0375978399965916
0.0530283708225507
0.0462109813934521
0.0360689817717713
0.0922573160926292
0.0633035703123191
0.0345548428961312
0.085986189817735
0.0215033472820057
0.00255231129713069
0.0333570795334696
0.0314749527846924
0.0122131214050649
0.0224068499236283
0.0345129547650058
0.0230375144386957
0.0140832761592951
0.0329406163731829
0.00891162064522999
0.144831928230025
0.115085044612257
0.0925289570667219
0.095438446639406
0.0984937596933841
0.0976102154702144
0.0884405132857589
0.14669224264809
0.109032560458883
0.0831271492853675
0.130277770234273
0.0882664403801858
0.0801108121595124
0.0497951068956612
0.0467272633042299
0.0641049883435553
0.0569868332784275
0.0486338711007352
0.109013698229181
0.0681447954729187
0.0496625183306659
0.0881297376709224
0.0666809985552018
0.0654616094106275
0.0322029133052638
0.031419580111517
0.047754427279375
0.0409430008724201
0.0296990290617336
0.0888206682848966
0.0551117387100281
0.0271207122804093
0.0703621324041084
0.0422540943327161
0.00983314150257541
0.0495890591685656
0.0458524791361474
0.0265073701841726
0.0378101885206657
0.0544945743876402
0.0113888706009061
0.0278253247229212
0.0504346660344564
0.00321526013692793
0.0403678264420151
0.00963856100972345
0.0480488415304933
0.0422550412464046
0.0238883444410601
0.0382005487934889
0.0483271737047808
0.0121948154459938
0.0275435763525154
0.0504272853053202
0.00257406076504309
0.0627415277950597
0.0616314631083622
0.0307394816244278
0.0321147443204289
0.0440300205517903
0.0366713460009471
0.0280521777029227
0.0834957250111798
0.048302294373808
0.0281676266354535
0.068111478217229
0.105059089510705
0.0563318811472066
0.100729655254559
0.0936603696081775
0.0727857060974269
0.0828286899580241
0.103064639903449
0.0369735030413309
0.0783228847355893
0.0944894586353876
0.0547828140688309
0.0275790797738637
0.00175331890612575
0.0365113019602228
0.0332165068688089
0.0166082368587765
0.0263529974276517
0.0382101616341913
0.0194465585955272
0.0179640033640951
0.0380439287599969
0.00477608441187148
0.087769192096692
0.0823064615282
0.0472179808112722
0.0475764868158987
0.0574118660117109
0.0533415388512926
0.0431188864820379
0.0987653044561911
0.0639679134520831
0.0438317606754029
0.0852191652229476
0.00240101957919407
0.0166412529152629
0.019397145427035
0.0164533020960701
0.000636786412485687
0.0088994015112073
0.0199139981877678
0.0370425000396453
0.00109404989026879
0.019823865720952
0.0241570263098992
0.0779555064036419
0.0673863275576598
0.0394073853687844
0.0403773566041396
0.0553839936255486
0.048230249755508
0.0353470483828022
0.102341906981555
0.0589827782185205
0.0344646057439782
0.0746203061801326
0.0478578367458639
0.0130859679751193
0.0514544352493961
0.0491297994806105
0.0316595670209597
0.0401187922054139
0.0535565573396673
0.00731541811397052
0.0314611817425838
0.0500715359506395
0.00707216290358601
0.0833994355249132
0.0756164299674804
0.0439931933082529
0.0437830277169155
0.0585534731467487
0.0514702160316499
0.0436372608749551
0.103488277007629
0.0611893746756754
0.0413057077475281
0.0882069988481091
0.0358217079686368
0.0440551822222649
0.00847134388317096
0.00935633675316247
0.0239897812600592
0.0156265471447642
0.00659788865335144
0.0640182295067608
0.02884150395144
0.00601005837426471
0.0500134295803466
0.0540904370087127
0.0526461778496604
0.0237898434895355
0.0222257374410971
0.0386061206092148
0.0313378566489509
0.0194415714848403
0.0760434638881522
0.0427890566595418
0.0197441194475979
0.068070683639975
0.0537910977454413
0.0539017140703792
0.0209247997217867
0.0207414776417037
0.0384330451952585
0.0306373060199506
0.0189469038477701
0.0791131070287405
0.040700072631556
0.0192584066276777
0.0634440734063889
0.0616435448095548
0.0221965385041319
0.0645324199957346
0.0554444066376489
0.0371870496980275
0.0478953846661145
0.0621841710175068
0.00133398865431694
0.0390113004797127
0.0653991542629889
0.016214830171625
0.0118264739322184
0.0109213257224827
0.0284149900866911
0.0230357489879805
0.00519827032867215
0.0162141387317232
0.0290789435548289
0.0339495046536123
0.00496709617550163
0.0293691937258777
0.0195124715459599
0.0595466614573122
0.0613835681405689
0.0276002258317086
0.0269468807910777
0.0436196472651295
0.0340833835825753
0.0237814425768222
0.0801761807931497
0.0478805544701715
0.02393336995447
0.0670860710788635
0.0608592044802766
0.0231759081777044
0.060083403643014
0.0585391180945264
0.0382216140436551
0.0489519851944739
0.0638680434157331
0.00269832300367583
0.0418682339037029
0.0637415767944209
0.0175669751873927
0.0103242059744593
0.0248596167601969
0.00942849064704678
0.00836745636445696
0.00878067771142695
0.000591541326302391
0.0117935984314338
0.0499571765218249
0.0104058187045885
0.0117104402324247
0.0320052343834831
0.0437552803417569
0.0137356666885319
0.0517280646370461
0.0482830073690957
0.027057010154915
0.0393313957009234
0.0517253687651815
0.00666298179940662
0.0287692085947001
0.0502974093833627
0.00674353275432691
0.0159010088210962
0.00646004059573896
0.0309184560622616
0.0261335628227576
0.0087331328167508
0.0185732406337582
0.0285542656560149
0.0274543530776594
0.00905896291763249
0.0304708059382923
0.0128300027346632
0.0799317272994167
0.0362238382407452
0.0752007713116697
0.0686884858051971
0.0508963536763119
0.0643606485533858
0.0799625356515194
0.017773274360002
0.0567158348131032
0.0761648497697326
0.030050982204157
0.100983184447987
0.0837482393085627
0.0586621625353318
0.0543431118900995
0.0677047407637017
0.0615691615011936
0.0517834305919654
0.103004300651257
0.0739405466601508
0.0508088036840709
0.0993273636852347
0.0233981256701352
0.00207493343523072
0.0338274721239818
0.0337506488911914
0.0136112754711811
0.0243744517284324
0.0354003351198492
0.0232242629793309
0.0141713980697763
0.0364464919401023
0.00887682926086622
0.0883536777150865
0.0393908270191587
0.0813048740450927
0.0761416079698927
0.0545576282336399
0.0676942939432165
0.0800148670171914
0.0203245938687389
0.057649045358358
0.086145166007597
0.0331757891698054
0.0956146802836973
0.0787277874762655
0.0552797823123048
0.052083013860156
0.0622380613031553
0.0590393223449849
0.0493458021890122
0.111336643174342
0.0710042170756627
0.0514458300078022
0.092735410399346
0.0400758415962207
0.0471093032121715
0.0146939065652472
0.0136771450915543
0.0289061151842434
0.0221105807018045
0.0112239002843768
0.0664490953266331
0.0326246910093447
0.0106411576416362
0.0539863405867261
0.0246759411155014
0.0361519417593
0.000705592130084077
0.00184601141190809
0.0194663394635255
0.0098998845811313
0.00114264615265194
0.0590103431958176
0.0198814416060815
0.00139733113423203
0.0453044861556959
0.0981655267542122
0.0889054233466436
0.0536972115325205
0.0526570193454399
0.0668632422098939
0.0605147338510057
0.0552602414236501
0.108167775530774
0.0753192022209846
0.0512846938145785
0.100291071003728
0.0281542211860586
0.0397117564740819
0.00203877784053885
0.00316509760813039
0.0197915856596654
0.0108927938552923
0.000226348173262729
0.062031092967873
0.0243855120298905
0.000161199474367561
0.0437951321879029
0.0322163505273361
0.0382008327034977
0.00902910242059559
0.00938802265709859
0.0248496236416888
0.0163138828592171
0.00702344577008781
0.0651695998279218
0.0282814921157532
0.00633312746105369
0.0510294603005968
0.0911662143450502
0.0435001913715115
0.0913437353590007
0.0780068693021552
0.0599805533071281
0.0705088849743754
0.0872892003576706
0.0241676335140093
0.0600029249255528
0.0852496720438207
0.0370073322607258
0.0640892586935553
0.0242233096874765
0.0667589508942687
0.0593153852394376
0.0378583178398762
0.0478710535953237
0.0665764084971925
0.00223241490857247
0.0397824577323789
0.0630960419396475
0.0169405239791982
0.00232310147719775
0.0180418696560675
0.019594646751939
0.0170075753468106
0.000829495799612762
0.00943125411157333
0.0206380773019423
0.039065336311451
0.00135936157836875
0.0202665922162456
0.0248654610210316
0.0371441765871537
0.00520849524852876
0.044918993676689
0.0433307305344083
0.0207246033596144
0.0321480910464926
0.0439601866236532
0.0175241703441612
0.021837880504208
0.0447872958492676
0.00205468693840971
0.0193222000587079
0.00582794131378287
0.0304003021099699
0.0291596898830896
0.00996550791510212
0.0200109918738476
0.0337659807324368
0.0287783944266115
0.0111062223018522
0.0345492271215319
0.0124688348569633
0.132150800166219
0.0797351099827164
0.122571076427909
0.111576982507984
0.0884846942409817
0.101228897462128
0.126961357801296
0.0536493693820439
0.0940297905422815
0.110078349474543
0.0633229598302804
0.105463837283707
0.0579032938265939
0.0969911593741174
0.0850260277646707
0.0699429928291102
0.0821827819511197
0.101748676121632
0.0356375858118201
0.0744752601785781
0.094827219918337
0.0473318714568121
0.0279034589272205
0.0382268018061891
0.00183816133407234
0.00302791965012968
0.0203511537461675
0.0105488416639324
0.000217826324318372
0.0609671493028158
0.0240290116646836
0.000589535212515303
0.0476909990811748
0.0964880299187926
0.0867891968559131
0.0461483451707872
0.0439233081457434
0.0610678465478854
0.0595128365094615
0.046272600524145
0.105566366851733
0.070037846115492
0.047511392845307
0.0896614299148382
0.0140111025075126
0.00898688675805504
0.0276985967502631
0.0250143381704885
0.00707437701408104
0.0177484311485673
0.0291707445838631
0.0310338983909924
0.00745282447020687
0.0291962811611442
0.0168240688676087
0.0737197080761256
0.0699165313574531
0.0326260085274118
0.0341644608561662
0.0490144548335269
0.0416201591036761
0.0316045996990401
0.0892015427414061
0.0560364266561799
0.0307383590593652
0.0730740592840565
0.0715533394487673
0.0664415791234113
0.0355251104195812
0.032728579483801
0.0468324873890954
0.039684249483469
0.0297114322994418
0.0858894942859157
0.0553221161890473
0.0285104059740129
0.0733132924166965
0.105399701038888
0.0873701105352885
0.0572834863292229
0.0551504253831969
0.0740464068988287
0.0632168777558001
0.054063400753491
0.11662697379423
0.0763223798582953
0.0564783072236175
0.104099959954905
0.0650953812329158
0.0638409209584493
0.0337361124376715
0.0288919123586758
0.0486687408069173
0.037601000311755
0.02905331116128
0.0894423579996352
0.0481893150083741
0.0281562714375621
0.0717154039613985
0.165992990164669
0.129107104764588
0.109498667611414
0.106575154757639
0.117868663573117
0.108464969221402
0.105609193052634
0.15947570483
0.126128286858583
0.101640792234523
0.142810130661646
0.0514074540532377
0.0526115903319402
0.0195595590775595
0.0212591949319043
0.0360443341221137
0.0270053754764329
0.0174662574687819
0.0740244537640534
0.041008140236478
0.0164981812498382
0.0687682073045795
0.0673605912054116
0.0287282158408004
0.0680626053963032
0.0608537484902606
0.0412593693964351
0.0548352881393883
0.0655139363982035
0.00810803324713673
0.0477503383116462
0.0642431899618568
0.0198697182712388
0.107997140135492
0.0914715115447314
0.0633271710530756
0.0582306905750278
0.0732039004960948
0.0664765848631401
0.0612128252561765
0.114317236196262
0.0841054415158371
0.0596228787127759
0.103154331400689
0.083921991814625
0.0759199937653124
0.0446328227132228
0.0411818709783607
0.0581447612721108
0.0504985279778
0.0410225579412808
0.100781493730357
0.0640673046211791
0.041245064977006
0.0855113048941382
0.0378169917132776
0.0465232901241516
0.00900338157331829
0.00981520011568485
0.0256990219513157
0.0180133200984767
0.00690832426362634
0.0692216107387979
0.030322051306771
0.00651202963088454
0.054397639271035
0.0249016792996966
0.0397066386552728
0.00146224661928407
0.00268805821502248
0.0191298901876754
0.0102229074900306
0.000361067009768856
0.0565914400028684
0.0205346760104807
0.000682879295751297
0.0424449919917274
0.0629952064782495
0.0633183384137029
0.0300942747122012
0.0271183813310109
0.0428405074501935
0.0371727268564246
0.0289141491500147
0.0862817778048197
0.0490198437888858
0.0262783845621895
0.0672817966182173
0.0202662959079169
0.00499910386436839
0.034360192576742
0.0285118384690194
0.0115138651676802
0.0228631266038761
0.0339177645685376
0.0261411656872333
0.0111991020702184
0.0334803102093951
0.0126037964317811
0.0743849035646323
0.0715384105380472
0.0382724257286053
0.0334626787772987
0.0512080373516576
0.0422393404569831
0.0347638610735364
0.0932364397941049
0.0555626006957131
0.0335329766918803
0.0709057254576658
0.0815472625055383
0.0390014801901055
0.0813320893910122
0.0693512971156536
0.055750594089672
0.0645837918025644
0.0815868883678273
0.0194140749908403
0.0559553542878202
0.0781439463420062
0.0336000568005517
0.0384384981759373
0.0446449485362261
0.0102893383763419
0.0107004537160587
0.0264113012020333
0.0196309196471446
0.00769764492104838
0.066781068696127
0.0306716964734064
0.0077471411852025
0.0561414025601651
0.0960313922937727
0.0469712165593116
0.0893417800291391
0.085877651985138
0.0642004657927012
0.0780515601533844
0.0887056571507202
0.0269747812833813
0.0689746161998754
0.0863709415795525
0.043479640789574
0.0913687968577417
0.0455064823592727
0.0859652158762777
0.0767496040688335
0.0589485412997142
0.0707818320367087
0.0834623700604259
0.0253176187212382
0.0637872258284319
0.0893744186193417
0.0375007082732234
0.102851184875794
0.0896322372376755
0.0556935772376311
0.0549181121521834
0.0669725417933424
0.0615889341404351
0.0572417557743864
0.110329423129845
0.0732120325019973
0.0529351401817457
0.0936769575603726
0.0627005503057642
0.025157172155477
0.0638120218246652
0.0603938545796122
0.0402791755428958
0.0503868322842327
0.0637970359387082
0.00420347536274121
0.0455113004268118
0.0636819513193096
0.0178975832271571
0.0676248476736906
0.0284458476573036
0.0673142952283358
0.0628548102222161
0.0416185945746326
0.0548622899388214
0.0707243090882599
0.00678091787280289
0.044378541284576
0.0694487492529292
0.0197922194351411
0.0597719455129578
0.0640965187614676
0.0267512547178522
0.024848274918167
0.0405816381072185
0.0321780559724733
0.0237169837157836
0.0803553132337449
0.044629152548352
0.0219157597614453
0.0698430648985142
0.146544655940629
0.0875398135446303
0.134750117231663
0.122276584890024
0.0881454888516165
0.110828068644866
0.124352831797882
0.0570676207117256
0.103317576990385
0.121168362125907
0.0741690703323618
0.0400707571283276
0.0501317432576336
0.0129843344112912
0.0131751923104472
0.027352456268914
0.0204516310316852
0.0107191304693025
0.0672944985769766
0.0326513750697491
0.0099058571805814
0.0549326607212226
0.0769588411830273
0.0736729927025154
0.0384102092740564
0.0379390118490341
0.0518683652190054
0.0487474356204336
0.0349661626792026
0.100685099929392
0.0570429593850686
0.0364931036768795
0.0829736823299499
0.00772547843624618
0.0246442350566852
0.0114102030240055
0.0101164734115491
0.00805930906017225
0.00215020466557086
0.013094583960862
0.0437531434257405
0.00885639410298203
0.0141223755966477
0.03176996753217
0.0228283758024443
0.0352802160563034
0.000399627713218806
0.00142539910323541
0.0185922699974794
0.00860863686783972
0.00135948138203563
0.0575429144980498
0.0204996828698415
0.00164342114836155
0.0427280891829578
0.0389812686280465
0.0452965168045548
0.011211525074147
0.0121847897172456
0.0259978792663069
0.0204967700976639
0.00866250642946575
0.0664784958793252
0.0317613891378232
0.00909355369438558
0.057286976185019
0.0296368083103517
0.00223372303008569
0.040924330094916
0.0373345210335484
0.0175503387214736
0.0292811026641305
0.0426430476905697
0.0191955997664642
0.0185361024614693
0.0396626892542681
0.00468998865572754
0.0829262507659323
0.0742330575781232
0.0432430856115198
0.0413778266547675
0.0563933952408928
0.0495450593892244
0.0388688153580646
0.0966172417043693
0.0598018524882107
0.040804620219205
0.0904711754686726
0.0395774722218925
0.00989863562108826
0.0461619581315235
0.0447303804397186
0.0227465308028698
0.0347565171878889
0.0457967985670186
0.0124378764217837
0.0256055000840753
0.0447374938114207
0.00235700451798308
0.0370074420602065
0.00664332378839437
0.0460461754077334
0.0417585948535305
0.0217394609331069
0.034191010310679
0.0446888726193763
0.0153703274831925
0.0234111077300111
0.0456338470762195
0.000105432766643107
0.0890882147214613
0.0777956111371217
0.0481415097757944
0.043797007060695
0.062673755437619
0.0539999110805619
0.0451849162806933
0.103940459404771
0.0664831558600689
0.0426266485647327
0.0862089706664679
0.14207916884379
0.121127746965246
0.0842020639752117
0.0896934876668433
0.0981085147490299
0.0900696034873467
0.0888559685660969
0.138106989156184
0.110430483948665
0.0832421599153163
0.126736250415496
0.00920324749639755
0.011522653149324
0.0235620571039346
0.0217423395122971
0.00412397071429552
0.0142088684606913
0.0244505277689681
0.0318555389779873
0.00410112587217135
0.0245893922562173
0.0185673926287667
0.0371675197550629
0.0453263411358073
0.0102886766947395
0.0100067130029559
0.0266349469179046
0.0190185558589222
0.00793267633723361
0.0642550279180944
0.0309487030282698
0.00712550407659422
0.051273568521473
0.10229702932004
0.0514197683662311
0.0976445321319874
0.0886568038033848
0.0688015443304979
0.0774730104185062
0.0961512091449369
0.0338366501536713
0.0704638224736377
0.0933359805664934
0.0460238217032765
0.114407025135154
0.0653378490684432
0.102500478002106
0.0976328869564208
0.0715959624576706
0.0851039149760004
0.100646704929967
0.0422208779836571
0.0802103501601072
0.0981218179656451
0.0551949041667265
0.153924327496009
0.128237851106566
0.10097402940684
0.0867970023609446
0.100914285337482
0.102308970019527
0.0905263471576822
0.144034006596487
0.11464531715992
0.0876887996661849
0.135208969042174
0.0510076221492442
0.0546086871826203
0.0198827450814232
0.0182849516856195
0.0338302781745051
0.0267099009220379
0.0174962834357627
0.0765583069678861
0.0401778314738686
0.0153802554739075
0.0589702193170801
0.0222370204982168
0.0331968614637783
0.000350509021532453
0.00149602534199186
0.0174522901073863
0.0092122616674571
0.00139305035293972
0.0568864698057156
0.0191116553891788
0.0017541240489097
0.0405037274507375
0.0721214095511852
0.0270289813879213
0.0714680274293488
0.0651510838505079
0.0437364694971898
0.0533854306749787
0.0672484751636324
0.00557403166024643
0.0448921089876603
0.0678683920740251
0.0197798411094651
0.0264017426707908
0.0376004616702346
0.0010360820044535
0.00218469168184023
0.0196770294347351
0.010599494333537
0.00087263043783942
0.0609615252000639
0.0230600491035588
0.00124120611056521
0.0473808806168041
0.0515467907302891
0.0537292906606855
0.020285531697687
0.0199698599440328
0.0364449939220201
0.0286398881832185
0.0172909623043676
0.0780628626405397
0.0380311065731315
0.0181110547621095
0.0623934359114487
0.109766331844158
0.0953213158078789
0.0640886589838123
0.0599836588469226
0.0784476104200812
0.0665654287436941
0.0581301522901171
0.122366365547394
0.0820247765302399
0.0607112681790739
0.094484604363741
0.0203215486100438
0.00435596273865218
0.0335145496256067
0.0312653517822555
0.0109968354633492
0.0217531810984921
0.0336205059939327
0.0256622965690909
0.0119518999648953
0.0348476925163473
0.0119343933024477
0.0143037622220475
0.0092612045064429
0.0298914645921598
0.0240594246388854
0.00680880153627702
0.0167266297802902
0.0299212362648147
0.0307550900466794
0.00769989780117121
0.031101500943504
0.0172154477985103
0.0111145986647352
0.0105767887890151
0.0256841850434757
0.0226151776093413
0.00512739848242077
0.0157984683765274
0.026565701130356
0.0320698862817396
0.00536108779693571
0.0267469954390597
0.0170494125116751
0.0485419291551813
0.0123941256978255
0.0541439521393464
0.0480349459928235
0.0289861278418338
0.0416208688369458
0.0569431765437496
0.00830069633716132
0.028652092589691
0.0518013535673552
0.00626805477492484
0.00113704194660323
0.0190633283220692
0.0176647287664545
0.0143593671343193
0.00317415032201974
0.00745824560659589
0.018226658628276
0.0422239192096927
0.00408121931321772
0.0183789419339762
0.0281832961842114
0.0606112381378109
0.0260774697347174
0.0599345381053689
0.0597671759169315
0.0437249132249114
0.051871064338303
0.0622213618471192
0.00656601867501953
0.0440342491426363
0.0590135367693251
0.0193185906675258
0.0132797838098854
0.00934174049074073
0.0286944859430794
0.0237324314929818
0.00622870512841968
0.0163491868569359
0.0294450289484494
0.0327699019365238
0.00653913703678238
0.0301208100507275
0.0165542351788853
0.137213591491006
0.0801131756195911
0.123226170187297
0.117257034715298
0.0933903137045784
0.102618609173508
0.122031079965169
0.0561257206645963
0.105439611219042
0.116705093383623
0.0695617592498857
0.0329359054620351
0.00425566774529045
0.0435305818660393
0.0374906237035698
0.019023923614918
0.031566536076004
0.0422386326187107
0.018356400545911
0.0214542726131701
0.0420115891391056
0.00253823757542804
0.0359971365972315
0.00474713305740908
0.0440349551723886
0.0407125129123251
0.0210073807088206
0.0328913467445216
0.0448264742928384
0.0179067584760499
0.0212881382381514
0.0443375751048067
0.00242322946919719
0.0349198730653156
0.039003132258083
0.00569489796471192
0.00663477306473553
0.0241252910748347
0.0149326817172355
0.00393684420311316
0.0707349514677708
0.0270405406012227
0.00341338871474506
0.0539320127916478
0.0366792736380522
0.0447068510588409
0.0101351766422389
0.0112962720305644
0.0265143863421892
0.0180381383943569
0.00789394417345322
0.0684102512468988
0.0298946865302318
0.00753458514613943
0.0483445085567929
0.0257931934436503
0.0352314625727711
0.000836660772801118
0.001956347334107
0.0193864215933782
0.00971018395144676
0.00100164900385231
0.0630638960642554
0.0203415488642205
0.00140400848697393
0.043016220385145
0.0257892950809236
0.00147030793632834
0.0389763585922743
0.0337666110541482
0.0143452968083291
0.0254497768063139
0.0365321198504048
0.021935357378283
0.0151786431747758
0.0378673281934414
0.00841752188328272
0.0518590827231286
0.0171204021522844
0.0558855273581997
0.0507949399284947
0.0313494088963677
0.0442625858342752
0.0575275656307365
0.00431289078623371
0.0339782017325339
0.0564365019956828
0.00999551926331
0.0823498531431638
0.0403189288674633
0.0794023459161789
0.0766738166404308
0.0533739476039593
0.0620916029644594
0.0727131162730442
0.0171908539578195
0.0594462295109368
0.0732886500668186
0.0308622814472424
0.11134427042076
0.0902003919581899
0.0645002693864408
0.0555153337023183
0.0744392921246573
0.0646557973140818
0.0575024008321498
0.112021022423646
0.0789576342142052
0.0560870957087889
0.102787260722319
0.0172636236857055
0.0293000906710544
0.00338538588098457
0.00203795129976965
0.0151153490761835
0.00510256703225239
0.00511503717535332
0.0522686944060865
0.0165510986033401
0.00534594900446672
0.0381147843978808
0.02945957504596
0.0386857602913091
0.00521238809168981
0.0061067793865799
0.0227667714296324
0.013401267858972
0.00330760784658096
0.0640264554952059
0.0250116957557926
0.00288314716398751
0.0471492041400263
0.041137902336053
0.00879180982778092
0.0496898756226524
0.0405803239504757
0.0240878176251712
0.0381998377502886
0.0495859245855249
0.0121517614015989
0.0258430868851057
0.0487642470704889
0.00202921555913694
0.0432363388456135
0.00997672554217367
0.049779468743655
0.0471471301869981
0.0260232600604384
0.0366707359328542
0.0496155059508735
0.0102547464447122
0.027575479854573
0.0506675284021156
0.00372899280780493
0.000832132655393882
0.0174140142454781
0.0173037641369892
0.0150602590410803
0.00170031392410795
0.0081556166875854
0.0190051375794389
0.0369516461813655
0.0024105311928968
0.0189603610227104
0.0239430643137334
0.0844928098610378
0.0820161116618269
0.0442503342458319
0.0413295766958378
0.0553438725217931
0.0487589642160711
0.038538565838209
0.0978996957022702
0.0621801621115529
0.0403232456221679
0.0845277018040052
0.0418834377921527
0.010962503302741
0.0478030286201875
0.0459795779954645
0.0262617031574975
0.0384008293007288
0.0510037795607506
0.00979783601089988
0.0279021795464228
0.0521264920370391
0.00416970093259814
0.0441980708568607
0.0479862126829707
0.014667152415511
0.0136539602896986
0.0309912559772333
0.0207682954582651
0.0123649070987296
0.0757723709217499
0.0338530532869839
0.0106279542305815
0.0555087162367507
0.0249258546773082
0.0365995780424839
0.000640800788962262
0.00174182331098274
0.0184878335946043
0.00955735648304368
0.00119244871783407
0.058591539022138
0.0219223101355994
0.0015288495093565
0.0457219149650067
0.016875073503534
0.00776818511687568
0.0310379091932282
0.0264020391272362
0.0088912716951766
0.018947967851829
0.0330263117394108
0.0318059235573882
0.00875796280544574
0.0307425418888986
0.014298423466078
0.058752114881868
0.0219064328591439
0.0611852115192084
0.0553274785032334
0.0361774740673739
0.0496899986661364
0.0636638241830917
0.0020826066601851
0.0390379152815397
0.058177415398294
0.01677284476276
0.0700775291103881
0.0280802177575708
0.0657015260537062
0.0634382010771378
0.043787408612193
0.0576254296523189
0.0705196781385978
0.00717514387483657
0.0477584671636578
0.068558183790054
0.023806951330785
0.00310572597556621
0.0158383127027702
0.0194685720055167
0.0163496970404554
0.000178480773404328
0.00953997322819701
0.0214503792018969
0.0367560611228724
0.000650077736385071
0.0205869367865009
0.0229942644196115
0.046149990199996
0.0133067450915097
0.0529441457707027
0.0465592881378156
0.0272911009865602
0.040063836395032
0.0517388529990753
0.00795201767191735
0.0294067810505196
0.0533514287018244
0.00626358057019199
0.00530886088188053
0.0209714184390333
0.0130704883942816
0.0109404627515808
0.00592606070878493
0.00373140580636983
0.0152289786894791
0.0446963365836846
0.00727910958920515
0.0139263214897047
0.0294844612268725
0.0448508030374411
0.0495873939348119
0.0159938343613264
0.016219727925519
0.034278051868259
0.024059864660602
0.0149667053027257
0.0730673102398109
0.0351491136982205
0.01323708302315
0.0582499081790267
0.0778272005375944
0.0340593137386758
0.0808132915475543
0.0715706766218258
0.0475950270725642
0.0652025394229309
0.0804621186069794
0.0141852424872406
0.0511528246803848
0.0751037734556612
0.0298315643678985
0.185214113321857
0.117391959430352
0.159576421487121
0.152344030509226
0.123654543006615
0.135207039553563
0.161486870615932
0.0986107914695783
0.133858599185151
0.145604901572231
0.111060078985277
0.0226785062013216
0.00215207818972165
0.0335566485786172
0.0316951247715966
0.013322389666225
0.0252302855511733
0.0375872806931156
0.0233170269360867
0.0135084951224829
0.0361100045469621
0.00845268789264233
0.00296591068676542
0.0170343211043762
0.0212209518503672
0.0181153465103171
0.000529001217471955
0.0102324242091156
0.020996994260497
0.0423522632744131
0.00106616343097089
0.0231719818374077
0.025596693661483
0.0596160085840987
0.0240957227074855
0.0645088558045452
0.0566937663782043
0.0361102437078355
0.0510164497299111
0.0604465452720009
0.00246372984564327
0.0418245508815268
0.0626058423917515
0.0165666177552306
0.0979466615421056
0.0484368610525632
0.0923155382668555
0.0848559907764716
0.0615835316716143
0.0748666602678168
0.0940945184510057
0.0289157117306239
0.0656590561013129
0.0864404339288428
0.0429959490208445
0.0252654359652132
0.00120393256288794
0.0377258077909248
0.0321360089456066
0.0140371385859777
0.02522713406293
0.0359462076201366
0.0223973916077769
0.0145000659709912
0.0367133931977006
0.00825627542867067
0.0846436556126944
0.0801647558518132
0.0467085567659062
0.0453879907695005
0.0554728931465869
0.0524772513551894
0.0417930409780891
0.0981270998298971
0.0631930034138188
0.0404455222048067
0.0825448520221346
0.042201999583958
0.0102428331699902
0.0535176653053652
0.0448457250849268
0.02564412222733
0.0391018825617906
0.047218486790032
0.0107374830620454
0.0295297471159261
0.0522220923797228
0.0035796235858512
0.03407682880399
0.00591736138779063
0.0439206717169116
0.038469295632486
0.0210056767062588
0.0315665631304298
0.0432717798246845
0.0151862946238439
0.021922480487731
0.0458950658410356
0.0010616402938187
0.0129055847064066
0.0303769731039724
0.00928811890058923
0.00719355710001061
0.00987043403537847
0.000498626358092515
0.0111356491765681
0.0521519691226155
0.0119728854981694
0.0109998374651153
0.0336025810749643
0.0463521878819982
0.0138701467315319
0.0526466012501268
0.0471405496196254
0.0300943869776143
0.040566806844083
0.0520830989717789
0.00708035101131951
0.0312118073708966
0.0529582842936534
0.0071240178569883
0.0225691989268294
0.0347060691093896
0.000831091251554443
0.0019283479930062
0.019099359379973
0.00926835009927322
0.00098500668089599
0.0589955025653184
0.0202543297722435
0.00128208344165982
0.0415432501425231
0.0229454380029122
0.000498610769012939
0.0361309880084825
0.0313756434017247
0.0144165123715444
0.0239272589756871
0.0368792059948055
0.0202735963145536
0.0155993592687498
0.0357245426340212
0.00700953243063657
0.0771582265940143
0.0372153164462882
0.0766221883155758
0.0660807524543526
0.0494694982235765
0.0607774400233343
0.0756334249930121
0.0167845542489253
0.0557140342998408
0.0773527135012068
0.0305432554594086
0.0247306898386761
0.000177359232790495
0.0351820704626657
0.0324130594029722
0.0152631205991302
0.0248952481973587
0.0379926965294855
0.020690940791259
0.0152249834485487
0.0353158987009223
0.00696897995357274
0.0353778877479453
0.00563801076126373
0.0452032866903331
0.0397256205368675
0.0208647200189315
0.033133293064403
0.0411316232939301
0.0155947693640669
0.0214778259394987
0.0441385151751636
0.00097066011127163
0.0311461285483027
0.038412855021386
0.00496915673575449
0.00582064582302601
0.0219454791386042
0.0137492194867856
0.00298948732958367
0.0639165585009139
0.0261189263423684
0.00253975020417435
0.0498015412948236
0.00864870867403374
0.0119273168254243
0.023580999716385
0.0215730757660594
0.00346426606181787
0.0141952743540866
0.0239784552891962
0.0342127660718876
0.00337597037015364
0.0236038276769081
0.0200504909447158
0.0316677476319941
0.0380299346136104
0.00612629449430102
0.00664484519558845
0.0225664706683309
0.0145853422109305
0.004164492720487
0.0653857591315843
0.0267632385603806
0.0038049890549712
0.0492908758786629
0.0381390119153545
0.00733823021430781
0.0451435740521709
0.0429997959157405
0.0215852780489819
0.0347027805079359
0.0464784090225433
0.014330932852308
0.0241695315559598
0.0442820968114972
0.000167728771733529
0.132700743271701
0.109865572722566
0.0781365091405657
0.0750166273067083
0.0905791822424516
0.0853787833057982
0.0801461822842076
0.126083050141378
0.0946895362631624
0.0766602976483335
0.122079387978207
0.0618514967195824
0.024280042055788
0.0619134191479839
0.0555315703444256
0.0397352777761823
0.0531448665704854
0.0653698937358585
0.00349811284821043
0.041748649975758
0.0593379381168543
0.0177253026710749
0.0440807212213676
0.0128191833589453
0.053024879936401
0.0499016760462742
0.0280660220710039
0.0387403113426923
0.0525343460625372
0.00789296187483406
0.0292736348320061
0.0480381388416346
0.00629573186712244
0.00396468314188812
0.0156678126761484
0.0217085426498716
0.0181195378683876
0.000244930661511615
0.010121695688261
0.0217121406966552
0.0398892790087755
0.000216171223078408
0.0213606642229882
0.0230360789944136
0.0382666379665611
0.044407820749946
0.0119581195141415
0.0122763214215131
0.0287758755298174
0.0214552937960082
0.010368291859145
0.0689636279748175
0.0298820375943349
0.0103185253354298
0.0532386095294223
0.106009457174203
0.0947976254275368
0.0643017670859281
0.0588182188654771
0.0784348315880712
0.0686296872460489
0.059633033068896
0.116653133401914
0.0839294448214601
0.0590665336410762
0.103395751563785
0.0860912575299176
0.0384144177364886
0.0815732609011948
0.0744979565759458
0.0530946335643686
0.0688171589167098
0.0770964827120654
0.0171015301465635
0.0573981692895683
0.0754668777095912
0.030621957921621
0.0346406035552487
0.0428551536643446
0.00957606060209026
0.0102554957316939
0.0272897051430924
0.0168934415157908
0.00832655628582484
0.0631463832282424
0.0279932026371584
0.00731966647439965
0.0524576550059852
0.0507649796278495
0.0521168567095747
0.0189088700271697
0.0190696685508347
0.0366272128191938
0.0292898125510982
0.0169899735620085
0.0800249758925973
0.0428653612605478
0.0164780474245929
0.0579577164760217
0.0505016012838413
0.0165438179302406
0.0536805152236093
0.0517497280188745
0.0313934372666193
0.0455656160892462
0.052224918052647
0.00461213221794124
0.0332585835223847
0.0532318046926188
0.00910817783379337
0.114631360267724
0.0614195241319998
0.104052132905585
0.101051024761121
0.0787624821471609
0.0892892217386663
0.10402278258547
0.0458120007098629
0.0802424122211965
0.105949167919707
0.0562097346758207
0.0585060731928892
0.0231885841405565
0.0606174170949237
0.056676524301787
0.0368531562283025
0.0501205865038605
0.0651310710306249
0.00197646038811598
0.0402345862463351
0.057934895721216
0.0157895918797942
0.0535392252684604
0.0169961467788665
0.0583276901302226
0.0545726375452566
0.0334923653021411
0.0461386991644748
0.0582446400302375
0.00425352567969584
0.0351541983335217
0.0567624058722884
0.009939953883544
0.0478296196152614
0.0150440298669009
0.0519005863451257
0.0476728019451769
0.0287719503454203
0.04123361384821
0.0538115852822294
0.00574972435456131
0.0316278737191879
0.0507986694219351
0.00766620158101454
0.0775764458486537
0.0698328798428489
0.038236006220001
0.0339054309823768
0.0500686244519791
0.0438421386151635
0.033310618849284
0.094420562457743
0.0589487535301352
0.0341852403383789
0.0788229592273915
0.0129135306705619
0.00939999855934954
0.0252049741944816
0.023828565309042
0.00672613207479319
0.0165218049127951
0.0274780119416547
0.0293504976928252
0.00696049169659237
0.0289421254948094
0.0154734584135679
0.0517454797238183
0.0550728222810237
0.0209506539490289
0.0207996514110755
0.0354065906587071
0.0287448803424491
0.0190561218713544
0.0779705992949235
0.0402291114983496
0.0185837328281978
0.0635991815911425
0.0273421779567767
0.0368655203616707
0.0019709387901367
0.0032472443842295
0.0195670660523625
0.0105727027753811
0.000137934105352291
0.0594960676790488
0.0220849977357071
0.000239807454326735
0.0480159694283339
0.0451121881939464
0.0478828461415869
0.0148745762829792
0.0149266151718901
0.0312458422844905
0.0230582426796622
0.0128950759734955
0.073957642333046
0.0339610955825174
0.0129765595250537
0.055424434401794
0.0248472487150946
0.00137033816076766
0.0372997652347375
0.032576138758648
0.013993227193954
0.0239462521628851
0.0354435232548802
0.0228387619573372
0.013993445757571
0.0348815173842391
0.00832003335713903
0.209367933231793
0.167189086930081
0.134776983181594
0.138740366707332
0.140855026147329
0.136829926437091
0.129407321214403
0.192621470965067
0.153342429779915
0.13597612946514
0.170156979253703
0.155758658781855
0.085732339705668
0.129191578893316
0.122643157607924
0.093580051163171
0.113470028134192
0.130276071663344
0.069045247262458
0.105703378346203
0.131924260158584
0.077732666898063
0.0336197082110447
0.00521110214069485
0.0421537091461342
0.0377111099650742
0.0197844870871107
0.0308375613365257
0.0427804628378378
0.0165691154901658
0.0219639133750246
0.0431454337979988
0.00188420331728659
0.153636340136402
0.125051504395787
0.098562568829484
0.0958195583801373
0.102405925827069
0.0988895650014572
0.095421506737321
0.164996926856882
0.113808017290961
0.0866595756160507
0.129162213264464
0.0629857135308282
0.0628059620376325
0.0275440246719199
0.0269775779254347
0.0413029243128748
0.034376851730299
0.0237767296288135
0.0846332974118161
0.045758100291554
0.0224316556709163
0.0662174631410295
0.0183062011499608
0.00692397188708222
0.0308981594519535
0.0274284739170692
0.00976780263113111
0.0204350752000513
0.0325983316177753
0.0297207953631423
0.00974052354011279
0.0327034779327607
0.0137752621941924
0.167784763401208
0.123065903805296
0.0987011811454657
0.0925296547910607
0.105965051447944
0.103903097247109
0.0950272219170136
0.158810874428833
0.11744910784094
0.0957333391998172
0.146255999231312
0.0203525896735662
0.032996631566638
0.00216013974301039
0.000880762315768182
0.0159220718860872
0.00707139473887812
0.00392315762314764
0.0558414371473158
0.0172074694339631
0.00420929307263649
0.0423228543553045
0.01004950119911
0.0249202922351954
0.0115109335864254
0.00938747005905021
0.00921839882868356
0.00107309928358988
0.0117224734162088
0.0484183118299287
0.0106770712058553
0.012542430435298
0.0317214883650234
0.0500111094806912
0.0165260005788799
0.056568099440468
0.0482485920830454
0.0314563558462878
0.0436261442389278
0.0517047323551116
0.00540061844723682
0.0331796336252318
0.0522922880002976
0.00877407681988357
0.0436911088033553
0.0482354334727077
0.014595039155512
0.014877868339977
0.0317900911792045
0.0213503286101343
0.0119939395448531
0.0715811964068276
0.0342931016558856
0.0112336530075838
0.0555735130865721
0.0419503967155663
0.0124267171488148
0.0479250887957921
0.0436320618900695
0.026490384167076
0.0374041791501964
0.0511324026163755
0.0081256835213951
0.0279842460854045
0.0489388444072047
0.00543014285311176
0.0205759603171461
0.0336284616556415
0.00270821117685328
0.00131826175214811
0.0155942435735616
0.00628720452469772
0.00463623036773555
0.0562016623265711
0.0176667027008401
0.00474650514919078
0.0401825068377634
0.0945738659104995
0.0791114823153576
0.0557342149604602
0.0491619009972376
0.06452570018324
0.0572996003944889
0.0531265305226027
0.113513389624886
0.0768609873689786
0.0487018714672219
0.09259239566777
0.0571804704798767
0.0569986031151469
0.0224028338752789
0.0216733131723371
0.0397110035327385
0.0291627362132615
0.0200520283465213
0.0843423233030271
0.0413678283008379
0.0200323164292431
0.068010597481644
0.0738222321821859
0.0292801679384295
0.0757772809268225
0.0668154722200645
0.0457386703659067
0.056355137036121
0.0743279467920003
0.0073439271491026
0.0480124569782076
0.0686820178403963
0.0235849476314696
0.0490801031054364
0.0517225811748114
0.0222005441665827
0.020744352627385
0.0350998399239462
0.0275641383567748
0.0181472079127349
0.0760666241605894
0.0380380830227983
0.0173352307858565
0.0596362513420578
0.0648464259054923
0.0286462939877776
0.0674229264487323
0.0599786087235245
0.0411510324016666
0.050126055301179
0.0672616490024637
0.00779887686882667
0.0447239335832533
0.0680830571597945
0.0207049826569691
0.042161346078537
0.0496675692896472
0.014627367932104
0.0145608066791644
0.0314566661347529
0.0215742723553475
0.0124265868341486
0.0695476093919182
0.0353245366949083
0.0118222914730425
0.0566470614972586
0.134482588259472
0.110779731326129
0.0920593033762833
0.0796010295177195
0.0935538379417357
0.0896034787702212
0.0832943352232631
0.142914805963047
0.102016544097553
0.0808098650451654
0.120083386625859
0.00605491418901237
0.0135549133290739
0.0219287907223311
0.0191025911493693
0.00181310645829509
0.0113943712978011
0.0236044419316429
0.03538709052232
0.00163212416974013
0.02258546846494
0.0206831947332957
0.0344274134620996
0.041484103101949
0.00852825231869514
0.0091880888794049
0.0237296914139118
0.0163499474785762
0.00607518214393727
0.0666179011951808
0.0283018569952385
0.00578247893592982
0.0468630576078628
0.185756056234877
0.104015325626409
0.151706423768775
0.147194458205241
0.116219348886527
0.147924417709862
0.158956897025314
0.0886492911408744
0.132976722175896
0.14934853685194
0.103725759174435
0.0168449736211219
0.00640021674657221
0.0312946389990194
0.0254516629519113
0.0088202954821344
0.0187835833996518
0.0301807855519434
0.029208121443901
0.00981317626357837
0.0310302529655147
0.0132540783850457
0.0277426727772034
0.0382562166468459
0.00264689059767239
0.00362998688721231
0.020492838824797
0.0108006727938862
0.000695027919504598
0.0626025935263125
0.0239500245651685
0.000352021492157513
0.0464615067694534
0.0642834541919776
0.023694545122979
0.0643586543175748
0.0623936767541256
0.0365557615724523
0.0490562924587374
0.0687072039275218
0.00203141173289103
0.0444622257700593
0.0649054039219057
0.0161044825858891
0.0307190092051581
0.00219106461264117
0.0393848930729434
0.0378483203067322
0.0190611329878423
0.028158401023384
0.0412926978539882
0.0202817668180825
0.019720521550304
0.0397879221112173
0.00493035048016634
0.046301840186689
0.0136890397068652
0.0522290175600505
0.0455865297641965
0.0277390996318957
0.0385671584540687
0.0529548170164269
0.00768037227872424
0.0320981904438669
0.0535549383848213
0.00672424851858982
0.0380371325139265
0.00677321711656864
0.0455097192726889
0.0421388464357596
0.022309214895116
0.0332946335358404
0.0465268623389488
0.0149856131448164
0.024405452950657
0.045469737395378
0.000204544873098948
