4.392e-03
6.780e-03
2.459e-02
5.747e-02
2.986e-04
4.662e-02
4.050e-03
2.160e-02
1.337e-02
5.741e-04
1.003e-08
1.264e-06
2.899e-01
6.306e-04
1.533e-06
7.239e-03
4.546e-02
8.343e-02
3.114e-02
8.091e-02
4.059e-03
3.398e-02
1.343e-02
7.745e-02
3.935e-03
6.234e-02
5.710e-03
3.941e-01
1.150e-02
7.525e-02
6.342e-03
9.901e-04
1.399e-02
4.302e-03
9.407e-03
4.599e-04
8.243e-03
3.319e-03
6.915e-04
1.250e-03
6.508e-03
1.666e-02
7.430e-03
8.766e-04
2.864e-03
5.110e-04
3.631e-05
3.747e-03
3.837e-02
9.726e-04
