1.925e-03
2.034e-02
1.523e-01
4.336e-02
1.890e-02
9.494e-04
5.268e-02
7.023e-03
5.741e-02
6.952e-03
2.185e-02
3.331e-02
1.116e-03
3.906e-04
1.400e-03
3.507e-02
1.000e-04
9.364e-03
4.260e-02
2.416e-02
1.561e-02
3.286e-01
8.054e-02
2.061e-02
7.822e-03
4.290e-04
1.028e-01
3.749e-03
2.023e-01
1.703e-02
1.838e-05
5.456e-03
1.625e-02
1.504e-04
1.764e-02
3.517e-03
6.947e-03
4.037e-03
2.707e-02
5.983e-03
4.568e-02
3.170e-03
5.287e-02
1.262e-02
8.236e-04
2.922e-03
1.905e-03
9.451e-03
6.284e-04
1.168e-02
